{
 "cells": [
  {
   "cell_type": "code",
   "execution_count": 1,
   "metadata": {},
   "outputs": [],
   "source": [
    "import numpy as np\n",
    "import pandas as pd"
   ]
  },
  {
   "cell_type": "code",
   "execution_count": 61,
   "metadata": {},
   "outputs": [],
   "source": [
    "def make_dict():\n",
    "    d = {\"Startpage\":[],\n",
    "         \"Norton\":[],\n",
    "         \"start.me\":[],\n",
    "         \"Gibiru\":[],\n",
    "         \"SearX\":[],\n",
    "         \"SAGOOL\":[], \n",
    "         \"yahoo!\":[],\n",
    "         \"swisscows\":[],\n",
    "         \"Ecosia\":[],\n",
    "         \"DuckDuckGo\":[],\n",
    "        }\n",
    "    return d"
   ]
  },
  {
   "cell_type": "code",
   "execution_count": 66,
   "metadata": {},
   "outputs": [],
   "source": [
    "def input_test_info(d):\n",
    "    for engine in d:\n",
    "        arr = np.arange(10)+1\n",
    "        np.random.shuffle(arr)\n",
    "        rank = list(arr)\n",
    "        d[engine] = rank\n",
    "        print(engine,\":\",rank)\n",
    "        print()\n",
    "    return d\n",
    "\n",
    "def input_info(d):\n",
    "    for engine in d:\n",
    "        print(engine)\n",
    "        for i in range(10):\n",
    "            URL = input(str(i)+\":\")\n",
    "            d[engine].append(URL)\n",
    "        print()\n",
    "    return d\n",
    "\n",
    "def scoring(d):\n",
    "    df = pd.DataFrame(np.zeros((len(d), len(d))),\n",
    "                      index=list(d.keys()),\n",
    "                      columns=list(d.keys()),\n",
    "                     )\n",
    "    M = sum([i**2 for i in range(1,11)])\n",
    "    for engine_1 in d:\n",
    "        for engine_2 in d:\n",
    "            score = 0\n",
    "            for i in range(len(d)):\n",
    "                for j in range(len(d)):\n",
    "                    score += (10-i)*(10-j)*(d[engine_1][i] == d[engine_2][j])\n",
    "            df.loc[engine_1, engine_2] = score/M\n",
    "            \n",
    "    return df"
   ]
  },
  {
   "cell_type": "code",
   "execution_count": 68,
   "metadata": {},
   "outputs": [
    {
     "name": "stdout",
     "output_type": "stream",
     "text": [
      "Startpage : [2, 7, 3, 8, 9, 5, 6, 1, 10, 4]\n",
      "\n",
      "Norton : [7, 4, 2, 6, 9, 8, 1, 5, 3, 10]\n",
      "\n",
      "start.me : [7, 10, 8, 9, 2, 4, 3, 5, 1, 6]\n",
      "\n",
      "Gibiru : [10, 2, 8, 5, 7, 1, 4, 9, 3, 6]\n",
      "\n",
      "SearX : [6, 7, 5, 9, 4, 2, 10, 1, 3, 8]\n",
      "\n",
      "SAGOOL : [3, 1, 4, 6, 7, 9, 5, 10, 2, 8]\n",
      "\n",
      "yahoo! : [3, 6, 5, 9, 2, 1, 10, 7, 4, 8]\n",
      "\n",
      "swisscows : [1, 4, 3, 6, 8, 7, 10, 2, 5, 9]\n",
      "\n",
      "Ecosia : [10, 9, 5, 6, 3, 7, 8, 2, 4, 1]\n",
      "\n",
      "DuckDuckGo : [7, 8, 3, 2, 10, 1, 5, 4, 9, 6]\n",
      "\n"
     ]
    },
    {
     "data": {
      "text/html": [
       "<div>\n",
       "<style scoped>\n",
       "    .dataframe tbody tr th:only-of-type {\n",
       "        vertical-align: middle;\n",
       "    }\n",
       "\n",
       "    .dataframe tbody tr th {\n",
       "        vertical-align: top;\n",
       "    }\n",
       "\n",
       "    .dataframe thead th {\n",
       "        text-align: right;\n",
       "    }\n",
       "</style>\n",
       "<table border=\"1\" class=\"dataframe\">\n",
       "  <thead>\n",
       "    <tr style=\"text-align: right;\">\n",
       "      <th></th>\n",
       "      <th>Startpage</th>\n",
       "      <th>Norton</th>\n",
       "      <th>start.me</th>\n",
       "      <th>Gibiru</th>\n",
       "      <th>SearX</th>\n",
       "      <th>SAGOOL</th>\n",
       "      <th>yahoo!</th>\n",
       "      <th>swisscows</th>\n",
       "      <th>Ecosia</th>\n",
       "      <th>DuckDuckGo</th>\n",
       "    </tr>\n",
       "  </thead>\n",
       "  <tbody>\n",
       "    <tr>\n",
       "      <th>Startpage</th>\n",
       "      <td>1.000000</td>\n",
       "      <td>0.838961</td>\n",
       "      <td>0.851948</td>\n",
       "      <td>0.810390</td>\n",
       "      <td>0.776623</td>\n",
       "      <td>0.727273</td>\n",
       "      <td>0.823377</td>\n",
       "      <td>0.706494</td>\n",
       "      <td>0.774026</td>\n",
       "      <td>0.916883</td>\n",
       "    </tr>\n",
       "    <tr>\n",
       "      <th>Norton</th>\n",
       "      <td>0.838961</td>\n",
       "      <td>1.000000</td>\n",
       "      <td>0.820779</td>\n",
       "      <td>0.748052</td>\n",
       "      <td>0.896104</td>\n",
       "      <td>0.787013</td>\n",
       "      <td>0.711688</td>\n",
       "      <td>0.794805</td>\n",
       "      <td>0.688312</td>\n",
       "      <td>0.781818</td>\n",
       "    </tr>\n",
       "    <tr>\n",
       "      <th>start.me</th>\n",
       "      <td>0.851948</td>\n",
       "      <td>0.820779</td>\n",
       "      <td>1.000000</td>\n",
       "      <td>0.906494</td>\n",
       "      <td>0.755844</td>\n",
       "      <td>0.672727</td>\n",
       "      <td>0.654545</td>\n",
       "      <td>0.698701</td>\n",
       "      <td>0.831169</td>\n",
       "      <td>0.914286</td>\n",
       "    </tr>\n",
       "    <tr>\n",
       "      <th>Gibiru</th>\n",
       "      <td>0.810390</td>\n",
       "      <td>0.748052</td>\n",
       "      <td>0.906494</td>\n",
       "      <td>1.000000</td>\n",
       "      <td>0.719481</td>\n",
       "      <td>0.620779</td>\n",
       "      <td>0.672727</td>\n",
       "      <td>0.703896</td>\n",
       "      <td>0.789610</td>\n",
       "      <td>0.890909</td>\n",
       "    </tr>\n",
       "    <tr>\n",
       "      <th>SearX</th>\n",
       "      <td>0.776623</td>\n",
       "      <td>0.896104</td>\n",
       "      <td>0.755844</td>\n",
       "      <td>0.719481</td>\n",
       "      <td>1.000000</td>\n",
       "      <td>0.802597</td>\n",
       "      <td>0.841558</td>\n",
       "      <td>0.714286</td>\n",
       "      <td>0.851948</td>\n",
       "      <td>0.683117</td>\n",
       "    </tr>\n",
       "    <tr>\n",
       "      <th>SAGOOL</th>\n",
       "      <td>0.727273</td>\n",
       "      <td>0.787013</td>\n",
       "      <td>0.672727</td>\n",
       "      <td>0.620779</td>\n",
       "      <td>0.802597</td>\n",
       "      <td>1.000000</td>\n",
       "      <td>0.867532</td>\n",
       "      <td>0.929870</td>\n",
       "      <td>0.729870</td>\n",
       "      <td>0.735065</td>\n",
       "    </tr>\n",
       "    <tr>\n",
       "      <th>yahoo!</th>\n",
       "      <td>0.823377</td>\n",
       "      <td>0.711688</td>\n",
       "      <td>0.654545</td>\n",
       "      <td>0.672727</td>\n",
       "      <td>0.841558</td>\n",
       "      <td>0.867532</td>\n",
       "      <td>1.000000</td>\n",
       "      <td>0.750649</td>\n",
       "      <td>0.872727</td>\n",
       "      <td>0.703896</td>\n",
       "    </tr>\n",
       "    <tr>\n",
       "      <th>swisscows</th>\n",
       "      <td>0.706494</td>\n",
       "      <td>0.794805</td>\n",
       "      <td>0.698701</td>\n",
       "      <td>0.703896</td>\n",
       "      <td>0.714286</td>\n",
       "      <td>0.929870</td>\n",
       "      <td>0.750649</td>\n",
       "      <td>1.000000</td>\n",
       "      <td>0.644156</td>\n",
       "      <td>0.797403</td>\n",
       "    </tr>\n",
       "    <tr>\n",
       "      <th>Ecosia</th>\n",
       "      <td>0.774026</td>\n",
       "      <td>0.688312</td>\n",
       "      <td>0.831169</td>\n",
       "      <td>0.789610</td>\n",
       "      <td>0.851948</td>\n",
       "      <td>0.729870</td>\n",
       "      <td>0.872727</td>\n",
       "      <td>0.644156</td>\n",
       "      <td>1.000000</td>\n",
       "      <td>0.735065</td>\n",
       "    </tr>\n",
       "    <tr>\n",
       "      <th>DuckDuckGo</th>\n",
       "      <td>0.916883</td>\n",
       "      <td>0.781818</td>\n",
       "      <td>0.914286</td>\n",
       "      <td>0.890909</td>\n",
       "      <td>0.683117</td>\n",
       "      <td>0.735065</td>\n",
       "      <td>0.703896</td>\n",
       "      <td>0.797403</td>\n",
       "      <td>0.735065</td>\n",
       "      <td>1.000000</td>\n",
       "    </tr>\n",
       "  </tbody>\n",
       "</table>\n",
       "</div>"
      ],
      "text/plain": [
       "            Startpage    Norton  start.me    Gibiru     SearX    SAGOOL  \\\n",
       "Startpage    1.000000  0.838961  0.851948  0.810390  0.776623  0.727273   \n",
       "Norton       0.838961  1.000000  0.820779  0.748052  0.896104  0.787013   \n",
       "start.me     0.851948  0.820779  1.000000  0.906494  0.755844  0.672727   \n",
       "Gibiru       0.810390  0.748052  0.906494  1.000000  0.719481  0.620779   \n",
       "SearX        0.776623  0.896104  0.755844  0.719481  1.000000  0.802597   \n",
       "SAGOOL       0.727273  0.787013  0.672727  0.620779  0.802597  1.000000   \n",
       "yahoo!       0.823377  0.711688  0.654545  0.672727  0.841558  0.867532   \n",
       "swisscows    0.706494  0.794805  0.698701  0.703896  0.714286  0.929870   \n",
       "Ecosia       0.774026  0.688312  0.831169  0.789610  0.851948  0.729870   \n",
       "DuckDuckGo   0.916883  0.781818  0.914286  0.890909  0.683117  0.735065   \n",
       "\n",
       "              yahoo!  swisscows    Ecosia  DuckDuckGo  \n",
       "Startpage   0.823377   0.706494  0.774026    0.916883  \n",
       "Norton      0.711688   0.794805  0.688312    0.781818  \n",
       "start.me    0.654545   0.698701  0.831169    0.914286  \n",
       "Gibiru      0.672727   0.703896  0.789610    0.890909  \n",
       "SearX       0.841558   0.714286  0.851948    0.683117  \n",
       "SAGOOL      0.867532   0.929870  0.729870    0.735065  \n",
       "yahoo!      1.000000   0.750649  0.872727    0.703896  \n",
       "swisscows   0.750649   1.000000  0.644156    0.797403  \n",
       "Ecosia      0.872727   0.644156  1.000000    0.735065  \n",
       "DuckDuckGo  0.703896   0.797403  0.735065    1.000000  "
      ]
     },
     "execution_count": 68,
     "metadata": {},
     "output_type": "execute_result"
    }
   ],
   "source": [
    "d = make_dict()\n",
    "input_test_info(d)\n",
    "df = scoring(d)\n",
    "df"
   ]
  },
  {
   "cell_type": "code",
   "execution_count": null,
   "metadata": {},
   "outputs": [],
   "source": []
  },
  {
   "cell_type": "code",
   "execution_count": null,
   "metadata": {},
   "outputs": [],
   "source": []
  },
  {
   "cell_type": "code",
   "execution_count": 71,
   "metadata": {},
   "outputs": [
    {
     "name": "stdout",
     "output_type": "stream",
     "text": [
      "Startpage\n"
     ]
    },
    {
     "name": "stdin",
     "output_type": "stream",
     "text": [
      "0: https://www.nhk.or.jp/d-navi/sci_cul/2019/05/story/story_190517/\n",
      "1: https://www.huffingtonpost.jp/kazuhiro-taira/filter-bubble_b_14713992.html\n",
      "2: https://yasuhisa.com/could/article/how-to-deal-with-filter-bubble/\n",
      "3: https://eleminist.com/article/634\n",
      "4: https://www.dhbr.net/articles/-/2359\n",
      "5: https://wired.jp/2019/01/08/debate-googles-filter-bubbles/\n",
      "6: https://wired.jp/2017/02/16/coders-think-can-burst/\n",
      "7: https://ja.wikipedia.org/wiki/フィルターバブル\n",
      "8: https://www.sbbit.jp/article/cont1/35042\n",
      "9: https://www.soumu.go.jp/johotsusintokei/whitepaper/ja/r01/html/nd114210.html\n"
     ]
    },
    {
     "name": "stdout",
     "output_type": "stream",
     "text": [
      "\n",
      "Norton\n"
     ]
    },
    {
     "name": "stdin",
     "output_type": "stream",
     "text": [
      "0: https://www.nhk.or.jp/d-navi/sci_cul/2019/05/story/story_190517/\n",
      "1: https://www.huffingtonpost.jp/kazuhiro-taira/filter-bubble_b_14713992.html\n",
      "2: https://yasuhisa.com/could/article/how-to-deal-with-filter-bubble/\n",
      "3: https://eleminist.com/article/634\n",
      "4: https://www.dhbr.net/articles/-/2359\n",
      "5: https://wired.jp/2019/01/08/debate-googles-filter-bubbles/\n",
      "6: https://wired.jp/2017/02/16/coders-think-can-burst/\n",
      "7: https://ja.wikipedia.org/wiki/フィルターバブル\n",
      "8: https://www.soumu.go.jp/johotsusintokei/whitepaper/ja/r01/html/nd114210.html\n",
      "9: https://www.sbbit.jp/article/cont1/35042\n"
     ]
    },
    {
     "name": "stdout",
     "output_type": "stream",
     "text": [
      "\n",
      "start.me\n"
     ]
    },
    {
     "name": "stdin",
     "output_type": "stream",
     "text": [
      "0: https://www.nhk.or.jp/d-navi/sci_cul/2019/05/story/story_190517/\n",
      "1: https://www.huffingtonpost.jp/kazuhiro-taira/filter-bubble_b_14713992.html\n",
      "2: https://yasuhisa.com/could/article/how-to-deal-with-filter-bubble/\n",
      "3: https://eleminist.com/article/634\n",
      "4: https://www.dhbr.net/articles/-/2359\n",
      "5: https://wired.jp/2019/01/08/debate-googles-filter-bubbles/\n",
      "6: https://wired.jp/2017/02/16/coders-think-can-burst/\n",
      "7: https://ja.wikipedia.org/wiki/フィルターバブル\n",
      "8: https://www.soumu.go.jp/johotsusintokei/whitepaper/ja/r01/html/nd114210.html\n",
      "9: https://www.sbbit.jp/article/cont1/35042\n"
     ]
    },
    {
     "name": "stdout",
     "output_type": "stream",
     "text": [
      "\n",
      "Gibiru\n"
     ]
    },
    {
     "name": "stdin",
     "output_type": "stream",
     "text": [
      "0: https://www.nhk.or.jp/d-navi/sci_cul/2019/05/story/story_190517/\n",
      "1: https://www.huffingtonpost.jp/kazuhiro-taira/filter-bubble_b_14713992.html\n",
      "2: https://www.dhbr.net/articles/-/2359\n",
      "3: https://yasuhisa.com/could/article/how-to-deal-with-filter-bubble/\n",
      "4: https://wired.jp/2017/02/16/coders-think-can-burst/\n",
      "5: https://eleminist.com/article/634\n",
      "6: https://www.soumu.go.jp/johotsusintokei/whitepaper/ja/r01/html/nd114210.html\n",
      "7: https://www.sbbit.jp/article/cont1/35042\n",
      "8: https://wired.jp/2019/01/08/debate-googles-filter-bubbles/\n",
      "9: https://japan.cnet.com/article/35119789/\n"
     ]
    },
    {
     "name": "stdout",
     "output_type": "stream",
     "text": [
      "\n",
      "SearX\n"
     ]
    },
    {
     "name": "stdin",
     "output_type": "stream",
     "text": [
      "0: https://www.nhk.or.jp/d-navi/sci_cul/2019/05/story/story_190517/\n",
      "1: https://eleminist.com/article/634\n",
      "2: https://www.soumu.go.jp/johotsusintokei/whitepaper/ja/r01/html/nd114210.html\n",
      "3: https://www.huffingtonpost.jp/kazuhiro-taira/filter-bubble_b_14713992.html\n",
      "4: https://wired.jp/2019/01/08/debate-googles-filter-bubbles/\n",
      "5: https://yasuhisa.com/could/article/how-to-deal-with-filter-bubble/\n",
      "6: https://ideasforgood.jp/glossary/filterbubble/\n",
      "7: https://ja.wikipedia.org/wiki/フィルターバブル\n",
      "8: https://www.dhbr.net/articles/-/2359\n",
      "9: https://www.sbbit.jp/article/cont1/35042\n"
     ]
    },
    {
     "name": "stdout",
     "output_type": "stream",
     "text": [
      "\n",
      "SAGOOL\n"
     ]
    },
    {
     "name": "stdin",
     "output_type": "stream",
     "text": [
      "0: https://www.dhbr.net/articles/-/2359\n",
      "1: https://yasuhisa.com/could/article/how-to-deal-with-filter-bubble/\n",
      "2: https://eleminist.com/article/634\n",
      "3: https://www.soumu.go.jp/johotsusintokei/whitepaper/ja/r01/html/nd114210.html\n",
      "4: https://www.sbbit.jp/article/cont1/35042\n",
      "5: https://ideasforgood.jp/glossary/echo-chamber/\n",
      "6: https://tm2020.net/filter-bubble-solution/\n",
      "7: https://japan.zdnet.com/article/35112869/\n",
      "8: https://ideasforgood.jp/glossary/filterbubble/\n",
      "9: https://school-guardian.jp/useful/narrow-minded/\n"
     ]
    },
    {
     "name": "stdout",
     "output_type": "stream",
     "text": [
      "\n",
      "yahoo!\n"
     ]
    },
    {
     "name": "stdin",
     "output_type": "stream",
     "text": [
      "0: https://www.weblio.jp/wkpja/content/フィルターバブル_対策\n",
      "1: https://www.huffingtonpost.jp/kazuhiro-taira/filter-bubble_b_14713992.html\n",
      "2: https://moyadiary.com/filter-bubble/\n",
      "3: https://yasuhisa.com/could/article/how-to-deal-with-filter-bubble/\n",
      "4: https://tm2020.net/filter-bubble-solution/\n",
      "5: https://www.soumu.go.jp/johotsusintokei/whitepaper/ja/r01/html/nd114210.html\n",
      "6: https://www.dhbr.net/articles/-/2359\n",
      "7: https://www.nhk.or.jp/d-navi/sci_cul/2019/05/story/story_190517/\n",
      "8: https://rokabonatttsu.hatenablog.com/entry/2021/04/21/134238\n",
      "9: https://wired.jp/2019/01/08/debate-googles-filter-bubbles/\n"
     ]
    },
    {
     "name": "stdout",
     "output_type": "stream",
     "text": [
      "\n",
      "swisscows\n"
     ]
    },
    {
     "name": "stdin",
     "output_type": "stream",
     "text": [
      "0: https://www.weblio.jp/wkpja/content/フィルターバブル_対策\n",
      "1: https://www.huffingtonpost.jp/kazuhiro-taira/filter-bubble_b_14713992.html\n",
      "2: https://moyadiary.com/filter-bubble/\n",
      "3: https://www.soumu.go.jp/johotsusintokei/whitepaper/ja/r01/html/nd114210.html\n",
      "4: https://rokabonatttsu.hatenablog.com/entry/2021/04/21/134238\n",
      "5: https://yasuhisa.com/could/article/how-to-deal-with-filter-bubble/\n",
      "6: https://www.dhbr.net/articles/-/2359\n",
      "7: https://www.nhk.or.jp/d-navi/sci_cul/2019/05/story/story_190517/\n",
      "8: https://allabout.co.jp/gm/gc/472566/\n",
      "9: https://wired.jp/2019/01/08/debate-googles-filter-bubbles/\n"
     ]
    },
    {
     "name": "stdout",
     "output_type": "stream",
     "text": [
      "\n",
      "Ecosia\n"
     ]
    },
    {
     "name": "stdin",
     "output_type": "stream",
     "text": [
      "0: https://www.weblio.jp/wkpja/content/フィルターバブル_対策\n",
      "1: https://www.huffingtonpost.jp/kazuhiro-taira/filter-bubble_b_14713992.html\n",
      "2: https://www.soumu.go.jp/johotsusintokei/whitepaper/ja/r01/html/nd114210.html\n",
      "3: https://moyadiary.com/filter-bubble/\n",
      "4: https://yasuhisa.com/could/article/how-to-deal-with-filter-bubble/\n",
      "5: https://tm2020.net/filter-bubble-solution/\n",
      "6: https://www.dhbr.net/articles/-/2359\n",
      "7: https://www.nhk.or.jp/d-navi/sci_cul/2019/05/story/story_190517/\n",
      "8: https://allabout.co.jp/gm/gc/472566/\n",
      "9: https://yasuhisa.com/could/article/how-to-deal-with-filter-bubble/\n"
     ]
    },
    {
     "name": "stdout",
     "output_type": "stream",
     "text": [
      "\n",
      "DuckDuckGo\n"
     ]
    },
    {
     "name": "stdin",
     "output_type": "stream",
     "text": [
      "0: https://www.weblio.jp/wkpja/content/フィルターバブル_対策\n",
      "1: https://www.huffingtonpost.jp/kazuhiro-taira/filter-bubble_b_14713992.html\n",
      "2: https://www.soumu.go.jp/johotsusintokei/whitepaper/ja/r01/html/nd114210.html\n",
      "3: https://moyadiary.com/filter-bubble/\n",
      "4: https://yasuhisa.com/could/article/how-to-deal-with-filter-bubble/\n",
      "5: https://rokabonatttsu.hatenablog.com/entry/2021/04/21/134238\n",
      "6: https://www.dhbr.net/articles/-/2359\n",
      "7: https://www.nhk.or.jp/d-navi/sci_cul/2019/05/story/story_190517/\n",
      "8: https://allabout.co.jp/gm/gc/472566/\n",
      "9: https://wired.jp/2019/01/08/debate-googles-filter-bubbles/\n"
     ]
    },
    {
     "name": "stdout",
     "output_type": "stream",
     "text": [
      "\n"
     ]
    },
    {
     "data": {
      "text/html": [
       "<div>\n",
       "<style scoped>\n",
       "    .dataframe tbody tr th:only-of-type {\n",
       "        vertical-align: middle;\n",
       "    }\n",
       "\n",
       "    .dataframe tbody tr th {\n",
       "        vertical-align: top;\n",
       "    }\n",
       "\n",
       "    .dataframe thead th {\n",
       "        text-align: right;\n",
       "    }\n",
       "</style>\n",
       "<table border=\"1\" class=\"dataframe\">\n",
       "  <thead>\n",
       "    <tr style=\"text-align: right;\">\n",
       "      <th></th>\n",
       "      <th>Startpage</th>\n",
       "      <th>Norton</th>\n",
       "      <th>start.me</th>\n",
       "      <th>Gibiru</th>\n",
       "      <th>SearX</th>\n",
       "      <th>SAGOOL</th>\n",
       "      <th>yahoo!</th>\n",
       "      <th>swisscows</th>\n",
       "      <th>Ecosia</th>\n",
       "      <th>DuckDuckGo</th>\n",
       "    </tr>\n",
       "  </thead>\n",
       "  <tbody>\n",
       "    <tr>\n",
       "      <th>Startpage</th>\n",
       "      <td>1.000000</td>\n",
       "      <td>0.997403</td>\n",
       "      <td>0.997403</td>\n",
       "      <td>0.945455</td>\n",
       "      <td>0.849351</td>\n",
       "      <td>0.537662</td>\n",
       "      <td>0.522078</td>\n",
       "      <td>0.485714</td>\n",
       "      <td>0.516883</td>\n",
       "      <td>0.509091</td>\n",
       "    </tr>\n",
       "    <tr>\n",
       "      <th>Norton</th>\n",
       "      <td>0.997403</td>\n",
       "      <td>1.000000</td>\n",
       "      <td>1.000000</td>\n",
       "      <td>0.948052</td>\n",
       "      <td>0.867532</td>\n",
       "      <td>0.540260</td>\n",
       "      <td>0.535065</td>\n",
       "      <td>0.503896</td>\n",
       "      <td>0.537662</td>\n",
       "      <td>0.529870</td>\n",
       "    </tr>\n",
       "    <tr>\n",
       "      <th>start.me</th>\n",
       "      <td>0.997403</td>\n",
       "      <td>1.000000</td>\n",
       "      <td>1.000000</td>\n",
       "      <td>0.948052</td>\n",
       "      <td>0.867532</td>\n",
       "      <td>0.540260</td>\n",
       "      <td>0.535065</td>\n",
       "      <td>0.503896</td>\n",
       "      <td>0.537662</td>\n",
       "      <td>0.529870</td>\n",
       "    </tr>\n",
       "    <tr>\n",
       "      <th>Gibiru</th>\n",
       "      <td>0.945455</td>\n",
       "      <td>0.948052</td>\n",
       "      <td>0.948052</td>\n",
       "      <td>1.000000</td>\n",
       "      <td>0.794805</td>\n",
       "      <td>0.594805</td>\n",
       "      <td>0.555844</td>\n",
       "      <td>0.540260</td>\n",
       "      <td>0.581818</td>\n",
       "      <td>0.568831</td>\n",
       "    </tr>\n",
       "    <tr>\n",
       "      <th>SearX</th>\n",
       "      <td>0.849351</td>\n",
       "      <td>0.867532</td>\n",
       "      <td>0.867532</td>\n",
       "      <td>0.794805</td>\n",
       "      <td>1.000000</td>\n",
       "      <td>0.537662</td>\n",
       "      <td>0.472727</td>\n",
       "      <td>0.488312</td>\n",
       "      <td>0.519481</td>\n",
       "      <td>0.522078</td>\n",
       "    </tr>\n",
       "    <tr>\n",
       "      <th>SAGOOL</th>\n",
       "      <td>0.537662</td>\n",
       "      <td>0.540260</td>\n",
       "      <td>0.540260</td>\n",
       "      <td>0.594805</td>\n",
       "      <td>0.537662</td>\n",
       "      <td>1.000000</td>\n",
       "      <td>0.420779</td>\n",
       "      <td>0.348052</td>\n",
       "      <td>0.464935</td>\n",
       "      <td>0.389610</td>\n",
       "    </tr>\n",
       "    <tr>\n",
       "      <th>yahoo!</th>\n",
       "      <td>0.522078</td>\n",
       "      <td>0.535065</td>\n",
       "      <td>0.535065</td>\n",
       "      <td>0.555844</td>\n",
       "      <td>0.472727</td>\n",
       "      <td>0.420779</td>\n",
       "      <td>1.000000</td>\n",
       "      <td>0.916883</td>\n",
       "      <td>0.989610</td>\n",
       "      <td>0.922078</td>\n",
       "    </tr>\n",
       "    <tr>\n",
       "      <th>swisscows</th>\n",
       "      <td>0.485714</td>\n",
       "      <td>0.503896</td>\n",
       "      <td>0.503896</td>\n",
       "      <td>0.540260</td>\n",
       "      <td>0.488312</td>\n",
       "      <td>0.348052</td>\n",
       "      <td>0.916883</td>\n",
       "      <td>1.000000</td>\n",
       "      <td>0.927273</td>\n",
       "      <td>0.994805</td>\n",
       "    </tr>\n",
       "    <tr>\n",
       "      <th>Ecosia</th>\n",
       "      <td>0.516883</td>\n",
       "      <td>0.537662</td>\n",
       "      <td>0.537662</td>\n",
       "      <td>0.581818</td>\n",
       "      <td>0.519481</td>\n",
       "      <td>0.464935</td>\n",
       "      <td>0.989610</td>\n",
       "      <td>0.927273</td>\n",
       "      <td>1.031169</td>\n",
       "      <td>0.948052</td>\n",
       "    </tr>\n",
       "    <tr>\n",
       "      <th>DuckDuckGo</th>\n",
       "      <td>0.509091</td>\n",
       "      <td>0.529870</td>\n",
       "      <td>0.529870</td>\n",
       "      <td>0.568831</td>\n",
       "      <td>0.522078</td>\n",
       "      <td>0.389610</td>\n",
       "      <td>0.922078</td>\n",
       "      <td>0.994805</td>\n",
       "      <td>0.948052</td>\n",
       "      <td>1.000000</td>\n",
       "    </tr>\n",
       "  </tbody>\n",
       "</table>\n",
       "</div>"
      ],
      "text/plain": [
       "            Startpage    Norton  start.me    Gibiru     SearX    SAGOOL  \\\n",
       "Startpage    1.000000  0.997403  0.997403  0.945455  0.849351  0.537662   \n",
       "Norton       0.997403  1.000000  1.000000  0.948052  0.867532  0.540260   \n",
       "start.me     0.997403  1.000000  1.000000  0.948052  0.867532  0.540260   \n",
       "Gibiru       0.945455  0.948052  0.948052  1.000000  0.794805  0.594805   \n",
       "SearX        0.849351  0.867532  0.867532  0.794805  1.000000  0.537662   \n",
       "SAGOOL       0.537662  0.540260  0.540260  0.594805  0.537662  1.000000   \n",
       "yahoo!       0.522078  0.535065  0.535065  0.555844  0.472727  0.420779   \n",
       "swisscows    0.485714  0.503896  0.503896  0.540260  0.488312  0.348052   \n",
       "Ecosia       0.516883  0.537662  0.537662  0.581818  0.519481  0.464935   \n",
       "DuckDuckGo   0.509091  0.529870  0.529870  0.568831  0.522078  0.389610   \n",
       "\n",
       "              yahoo!  swisscows    Ecosia  DuckDuckGo  \n",
       "Startpage   0.522078   0.485714  0.516883    0.509091  \n",
       "Norton      0.535065   0.503896  0.537662    0.529870  \n",
       "start.me    0.535065   0.503896  0.537662    0.529870  \n",
       "Gibiru      0.555844   0.540260  0.581818    0.568831  \n",
       "SearX       0.472727   0.488312  0.519481    0.522078  \n",
       "SAGOOL      0.420779   0.348052  0.464935    0.389610  \n",
       "yahoo!      1.000000   0.916883  0.989610    0.922078  \n",
       "swisscows   0.916883   1.000000  0.927273    0.994805  \n",
       "Ecosia      0.989610   0.927273  1.031169    0.948052  \n",
       "DuckDuckGo  0.922078   0.994805  0.948052    1.000000  "
      ]
     },
     "execution_count": 71,
     "metadata": {},
     "output_type": "execute_result"
    }
   ],
   "source": [
    "d = make_dict()\n",
    "input_info(d)\n",
    "df = scoring(d)\n",
    "df"
   ]
  },
  {
   "cell_type": "code",
   "execution_count": null,
   "metadata": {},
   "outputs": [],
   "source": []
  },
  {
   "cell_type": "code",
   "execution_count": null,
   "metadata": {},
   "outputs": [],
   "source": []
  },
  {
   "cell_type": "code",
   "execution_count": null,
   "metadata": {},
   "outputs": [],
   "source": [
    "d = make_dict()\n",
    "input_info(d)\n",
    "df = scoring(d)\n",
    "df"
   ]
  }
 ],
 "metadata": {
  "kernelspec": {
   "display_name": "Python 3",
   "language": "python",
   "name": "python3"
  },
  "language_info": {
   "codemirror_mode": {
    "name": "ipython",
    "version": 3
   },
   "file_extension": ".py",
   "mimetype": "text/x-python",
   "name": "python",
   "nbconvert_exporter": "python",
   "pygments_lexer": "ipython3",
   "version": "3.8.5"
  }
 },
 "nbformat": 4,
 "nbformat_minor": 4
}
